00000001011010000110000000100010
00000001011011000110100000100011
00100001110011010000000011011110
00000001111000000000000000001000
00110001110011110000000000000001
00000001110010011100000000100101
00110111000100000000001110000100
10101110000100010000000000000010
10101110001100100001101110000100
00001100000000000000000000111111
10001110001100110000000000000010
10001110011101001111110101000100
10101101000101010000001111011111
10101110100101100000001110000100
00001100000000000000000000111010
10101110110101110000000001100100
10001101000000110000000110111100
00000000000000000101000000010000
00000000000000000101000000010001
00000000000000000101000000010010
00010001010011001111111111110011
00000010011100111010000000100000
00000001000010010111100000101011
00001011111111111111111111110111
00000010000100000100100000000110
00000010010000001001100000001001
00000000000100000100110000000010
00000000000100000100110000000011
00000010001100101000000000100010
00000010100101010100000000100000
00000010110101110100100000100000
00000001000010011001100000100010
00100010000000000000000000000100
00100010001000000000000000000001
00010110000100010000000000101001
00100010001100010000000000000001
00000010001100001000100000100010
00000010001100001000100000100000
00000000000000000100000000100000
00000000000000000100000000100000
00000000000000000100000000100000
00000000000000000100000000100000
00000000000000000100000000100000
00000000000000000100000000100000
00000011101110101111000000100000
00000011101110101111000000100000
00001000000000000000000000011100
00000001011011000110100000100011
00100001110011010000000011011110
00000001111000000000000000001000
00110001110011110000000000000001
00000001110010011100000000100101
00110111000100000000001110000100
10101110000100010000000000000010
10101110001100100001101110000100
00001100000000000000000000111111
10001110001100110000000000000010
10001110011101001111110101000100
10101101000101010000001111011111
10101110100101100000001110000100
00001100000000000000000000111010
